% Matlab M-file converted by [Custom WaveView] saved 20:46:54 Sun Apr 19 2020
TIME = [ 0.000E+00  1.000E-12  2.000E-12  2.180E-12  2.266E-12  2.544E-12  3.135E-12  3.996E-12  5.337E-12  7.319E-12  1.017E-11  1.457E-11  2.102E-11  2.958E-11  3.548E-11  4.137E-11  4.825E-11  5.147E-11  5.469E-11  6.095E-11  6.673E-11  7.791E-11  9.245E-11  1.095E-10  1.302E-10  1.595E-10  2.058E-10  2.353E-10  2.773E-10  3.743E-10  5.408E-10  7.110E-10  9.411E-10  1.243E-09  1.643E-09  1.999E-09  2.000E-09  2.001E-09  2.001E-09  2.001E-09  2.001E-09  2.002E-09  2.002E-09  2.003E-09  2.005E-09  2.007E-09  2.008E-09  2.011E-09  2.014E-09  2.018E-09  2.024E-09  2.028E-09  2.033E-09  2.039E-09  2.044E-09  2.048E-09  2.053E-09  2.057E-09  2.060E-09  2.063E-09  2.066E-09  2.070E-09  2.074E-09  2.078E-09  2.083E-09  2.088E-09  2.091E-09  2.093E-09  2.096E-09  2.099E-09  2.103E-09  2.107E-09  2.111E-09  2.119E-09  2.124E-09  2.128E-09  2.131E-09  2.136E-09  2.141E-09  2.146E-09  2.158E-09  2.165E-09  2.179E-09  2.194E-09  2.216E-09  2.242E-09  2.286E-09  2.337E-09  2.412E-09  2.511E-09  2.632E-09  2.784E-09  2.964E-09  3.185E-09  3.455E-09  3.619E-09  3.789E-09  3.999E-09  4.000E-09  4.001E-09  4.001E-09  4.001E-09  4.001E-09  4.002E-09  4.002E-09  4.002E-09  4.002E-09  4.002E-09  4.003E-09  4.003E-09  4.004E-09  4.004E-09  4.004E-09  4.004E-09  4.005E-09  4.006E-09  4.007E-09  4.009E-09  4.011E-09  4.014E-09  4.018E-09  4.022E-09  4.027E-09  4.032E-09  4.039E-09  4.047E-09  4.054E-09  4.065E-09  4.071E-09  4.077E-09  4.085E-09  4.088E-09  4.091E-09  4.095E-09  4.098E-09  4.101E-09  4.104E-09  4.106E-09  4.108E-09  4.113E-09  4.117E-09  4.121E-09  4.126E-09  4.131E-09  4.137E-09  4.146E-09  4.159E-09  4.180E-09  4.202E-09  4.233E-09  4.271E-09  4.321E-09  4.387E-09  4.497E-09  4.649E-09  4.843E-09  5.111E-09  5.478E-09  5.878E-09  5.999E-09  6.000E-09  6.001E-09  6.001E-09  6.001E-09  6.001E-09  6.001E-09  6.001E-09  6.002E-09  6.002E-09  6.003E-09  6.004E-09  6.005E-09  6.007E-09  6.009E-09  6.011E-09  6.015E-09  6.019E-09  6.025E-09  6.032E-09  6.039E-09  6.044E-09  6.048E-09  6.051E-09  6.054E-09  6.058E-09  6.062E-09  6.065E-09  6.068E-09  6.071E-09  6.074E-09  6.079E-09  6.087E-09  6.092E-09  6.102E-09  6.113E-09  6.118E-09  6.124E-09  6.128E-09  6.133E-09  6.137E-09  6.142E-09  6.148E-09  6.152E-09  6.156E-09  6.162E-09  6.164E-09  6.166E-09  6.172E-09  6.176E-09  6.186E-09  6.198E-09  6.213E-09  6.233E-09  6.258E-09  6.298E-09  6.351E-09  6.433E-09  6.535E-09  6.684E-09  6.753E-09  6.863E-09  7.113E-09  7.465E-09  7.865E-09  8.000E-09 ];
v___A_0___ = [ 1.200E+00  1.200E+00  1.200E+00  1.200E+00  1.200E+00  1.200E+00  1.200E+00  1.200E+00  1.200E+00  1.200E+00  1.200E+00  1.200E+00  1.200E+00  1.200E+00  1.200E+00  1.200E+00  1.200E+00  1.200E+00  1.200E+00  1.200E+00  1.200E+00  1.200E+00  1.200E+00  1.200E+00  1.200E+00  1.200E+00  1.200E+00  1.200E+00  1.200E+00  1.200E+00  1.200E+00  1.200E+00  1.200E+00  1.200E+00  1.200E+00  1.200E+00  6.000E-01  0.000E+00  0.000E+00  0.000E+00  0.000E+00  0.000E+00  0.000E+00  0.000E+00  0.000E+00  0.000E+00  0.000E+00  0.000E+00  0.000E+00  0.000E+00  0.000E+00  0.000E+00  0.000E+00  0.000E+00  0.000E+00  0.000E+00  0.000E+00  0.000E+00  0.000E+00  0.000E+00  0.000E+00  0.000E+00  0.000E+00  0.000E+00  0.000E+00  0.000E+00  0.000E+00  0.000E+00  0.000E+00  0.000E+00  0.000E+00  0.000E+00  0.000E+00  0.000E+00  0.000E+00  0.000E+00  0.000E+00  0.000E+00  0.000E+00  0.000E+00  0.000E+00  0.000E+00  0.000E+00  0.000E+00  0.000E+00  0.000E+00  0.000E+00  0.000E+00  0.000E+00  0.000E+00  0.000E+00  0.000E+00  0.000E+00  0.000E+00  0.000E+00  0.000E+00  0.000E+00  0.000E+00  0.000E+00  0.000E+00  0.000E+00  0.000E+00  0.000E+00  0.000E+00  0.000E+00  0.000E+00  0.000E+00  0.000E+00  0.000E+00  0.000E+00  0.000E+00  0.000E+00  0.000E+00  0.000E+00  0.000E+00  0.000E+00  0.000E+00  0.000E+00  0.000E+00  0.000E+00  0.000E+00  0.000E+00  0.000E+00  0.000E+00  0.000E+00  0.000E+00  0.000E+00  0.000E+00  0.000E+00  0.000E+00  0.000E+00  0.000E+00  0.000E+00  0.000E+00  0.000E+00  0.000E+00  0.000E+00  0.000E+00  0.000E+00  0.000E+00  0.000E+00  0.000E+00  0.000E+00  0.000E+00  0.000E+00  0.000E+00  0.000E+00  0.000E+00  0.000E+00  0.000E+00  0.000E+00  0.000E+00  0.000E+00  0.000E+00  0.000E+00  0.000E+00  0.000E+00  0.000E+00  0.000E+00  0.000E+00  6.000E-01  1.130E+00  1.200E+00  1.200E+00  1.200E+00  1.200E+00  1.200E+00  1.200E+00  1.200E+00  1.200E+00  1.200E+00  1.200E+00  1.200E+00  1.200E+00  1.200E+00  1.200E+00  1.200E+00  1.200E+00  1.200E+00  1.200E+00  1.200E+00  1.200E+00  1.200E+00  1.200E+00  1.200E+00  1.200E+00  1.200E+00  1.200E+00  1.200E+00  1.200E+00  1.200E+00  1.200E+00  1.200E+00  1.200E+00  1.200E+00  1.200E+00  1.200E+00  1.200E+00  1.200E+00  1.200E+00  1.200E+00  1.200E+00  1.200E+00  1.200E+00  1.200E+00  1.200E+00  1.200E+00  1.200E+00  1.200E+00  1.200E+00  1.200E+00  1.200E+00  1.200E+00  1.200E+00  1.200E+00  1.200E+00  1.200E+00  1.200E+00  1.200E+00  1.200E+00  1.200E+00  1.200E+00  1.200E+00  1.200E+00  1.200E+00 ];
v___A_1___ = [ 1.200E+00  1.200E+00  1.200E+00  1.200E+00  1.200E+00  1.200E+00  1.200E+00  1.200E+00  1.200E+00  1.200E+00  1.200E+00  1.200E+00  1.200E+00  1.200E+00  1.200E+00  1.200E+00  1.200E+00  1.200E+00  1.200E+00  1.200E+00  1.200E+00  1.200E+00  1.200E+00  1.200E+00  1.200E+00  1.200E+00  1.200E+00  1.200E+00  1.200E+00  1.200E+00  1.200E+00  1.200E+00  1.200E+00  1.200E+00  1.200E+00  1.200E+00  1.200E+00  1.200E+00  1.200E+00  1.200E+00  1.200E+00  1.200E+00  1.200E+00  1.200E+00  1.200E+00  1.200E+00  1.200E+00  1.200E+00  1.200E+00  1.200E+00  1.200E+00  1.200E+00  1.200E+00  1.200E+00  1.200E+00  1.200E+00  1.200E+00  1.200E+00  1.200E+00  1.200E+00  1.200E+00  1.200E+00  1.200E+00  1.200E+00  1.200E+00  1.200E+00  1.200E+00  1.200E+00  1.200E+00  1.200E+00  1.200E+00  1.200E+00  1.200E+00  1.200E+00  1.200E+00  1.200E+00  1.200E+00  1.200E+00  1.200E+00  1.200E+00  1.200E+00  1.200E+00  1.200E+00  1.200E+00  1.200E+00  1.200E+00  1.200E+00  1.200E+00  1.200E+00  1.200E+00  1.200E+00  1.200E+00  1.200E+00  1.200E+00  1.200E+00  1.200E+00  1.200E+00  1.200E+00  6.000E-01  0.000E+00  0.000E+00  0.000E+00  0.000E+00  0.000E+00  0.000E+00  0.000E+00  0.000E+00  0.000E+00  0.000E+00  0.000E+00  0.000E+00  0.000E+00  0.000E+00  0.000E+00  0.000E+00  0.000E+00  0.000E+00  0.000E+00  0.000E+00  0.000E+00  0.000E+00  0.000E+00  0.000E+00  0.000E+00  0.000E+00  0.000E+00  0.000E+00  0.000E+00  0.000E+00  0.000E+00  0.000E+00  0.000E+00  0.000E+00  0.000E+00  0.000E+00  0.000E+00  0.000E+00  0.000E+00  0.000E+00  0.000E+00  0.000E+00  0.000E+00  0.000E+00  0.000E+00  0.000E+00  0.000E+00  0.000E+00  0.000E+00  0.000E+00  0.000E+00  0.000E+00  0.000E+00  0.000E+00  0.000E+00  0.000E+00  0.000E+00  0.000E+00  0.000E+00  0.000E+00  0.000E+00  6.000E-01  1.130E+00  1.200E+00  1.200E+00  1.200E+00  1.200E+00  1.200E+00  1.200E+00  1.200E+00  1.200E+00  1.200E+00  1.200E+00  1.200E+00  1.200E+00  1.200E+00  1.200E+00  1.200E+00  1.200E+00  1.200E+00  1.200E+00  1.200E+00  1.200E+00  1.200E+00  1.200E+00  1.200E+00  1.200E+00  1.200E+00  1.200E+00  1.200E+00  1.200E+00  1.200E+00  1.200E+00  1.200E+00  1.200E+00  1.200E+00  1.200E+00  1.200E+00  1.200E+00  1.200E+00  1.200E+00  1.200E+00  1.200E+00  1.200E+00  1.200E+00  1.200E+00  1.200E+00  1.200E+00  1.200E+00  1.200E+00  1.200E+00  1.200E+00  1.200E+00  1.200E+00  1.200E+00  1.200E+00  1.200E+00  1.200E+00  1.200E+00  1.200E+00  1.200E+00  1.200E+00  1.200E+00  1.200E+00  1.200E+00  1.200E+00 ];
