% Matlab M-file converted by [Custom WaveView] saved 14:47:58 Mon Apr 20 2020
TIME = [ 0.000E+00  1.000E-12  2.000E-12  2.180E-12  2.266E-12  2.544E-12  3.135E-12  3.996E-12  5.337E-12  7.319E-12  1.017E-11  1.457E-11  2.102E-11  2.958E-11  3.548E-11  4.138E-11  4.826E-11  5.147E-11  5.469E-11  6.096E-11  6.673E-11  7.792E-11  9.246E-11  1.095E-10  1.302E-10  1.595E-10  2.059E-10  2.353E-10  2.774E-10  3.744E-10  4.744E-10  5.744E-10  6.744E-10  7.744E-10  8.744E-10  9.744E-10  1.074E-09  1.174E-09  1.274E-09  1.374E-09  1.474E-09  1.574E-09  1.674E-09  1.774E-09  1.874E-09  1.974E-09  1.999E-09  1.999E-09  2.000E-09  2.000E-09 ];
v___A_0___ = [ 1.200E+00  1.200E+00  1.200E+00  1.200E+00  1.200E+00  1.200E+00  1.200E+00  1.200E+00  1.200E+00  1.200E+00  1.200E+00  1.200E+00  1.200E+00  1.200E+00  1.200E+00  1.200E+00  1.200E+00  1.200E+00  1.200E+00  1.200E+00  1.200E+00  1.200E+00  1.200E+00  1.200E+00  1.200E+00  1.200E+00  1.200E+00  1.200E+00  1.200E+00  1.200E+00  1.200E+00  1.200E+00  1.200E+00  1.200E+00  1.200E+00  1.200E+00  1.200E+00  1.200E+00  1.200E+00  1.200E+00  1.200E+00  1.200E+00  1.200E+00  1.200E+00  1.200E+00  1.200E+00  1.200E+00  9.000E-01  6.593E-01  6.000E-01 ];
v___A_1___ = [ 0.000E+00  0.000E+00  0.000E+00  0.000E+00  0.000E+00  0.000E+00  0.000E+00  0.000E+00  0.000E+00  0.000E+00  0.000E+00  0.000E+00  0.000E+00  0.000E+00  0.000E+00  0.000E+00  0.000E+00  0.000E+00  0.000E+00  0.000E+00  0.000E+00  0.000E+00  0.000E+00  0.000E+00  0.000E+00  0.000E+00  0.000E+00  0.000E+00  0.000E+00  0.000E+00  0.000E+00  0.000E+00  0.000E+00  0.000E+00  0.000E+00  0.000E+00  0.000E+00  0.000E+00  0.000E+00  0.000E+00  0.000E+00  0.000E+00  0.000E+00  0.000E+00  0.000E+00  0.000E+00  0.000E+00  0.000E+00  0.000E+00  0.000E+00 ];
v___A_2___ = [ 0.000E+00  0.000E+00  0.000E+00  0.000E+00  0.000E+00  0.000E+00  0.000E+00  0.000E+00  0.000E+00  0.000E+00  0.000E+00  0.000E+00  0.000E+00  0.000E+00  0.000E+00  0.000E+00  0.000E+00  0.000E+00  0.000E+00  0.000E+00  0.000E+00  0.000E+00  0.000E+00  0.000E+00  0.000E+00  0.000E+00  0.000E+00  0.000E+00  0.000E+00  0.000E+00  0.000E+00  0.000E+00  0.000E+00  0.000E+00  0.000E+00  0.000E+00  0.000E+00  0.000E+00  0.000E+00  0.000E+00  0.000E+00  0.000E+00  0.000E+00  0.000E+00  0.000E+00  0.000E+00  0.000E+00  3.000E-01  5.407E-01  6.000E-01 ];
v___A_3___ = [ 0.000E+00  0.000E+00  0.000E+00  0.000E+00  0.000E+00  0.000E+00  0.000E+00  0.000E+00  0.000E+00  0.000E+00  0.000E+00  0.000E+00  0.000E+00  0.000E+00  0.000E+00  0.000E+00  0.000E+00  0.000E+00  0.000E+00  0.000E+00  0.000E+00  0.000E+00  0.000E+00  0.000E+00  0.000E+00  0.000E+00  0.000E+00  0.000E+00  0.000E+00  0.000E+00  0.000E+00  0.000E+00  0.000E+00  0.000E+00  0.000E+00  0.000E+00  0.000E+00  0.000E+00  0.000E+00  0.000E+00  0.000E+00  0.000E+00  0.000E+00  0.000E+00  0.000E+00  0.000E+00  0.000E+00  3.000E-01  5.407E-01  6.000E-01 ];
v___A_4___ = [ 1.200E+00  1.200E+00  1.200E+00  1.200E+00  1.200E+00  1.200E+00  1.200E+00  1.200E+00  1.200E+00  1.200E+00  1.200E+00  1.200E+00  1.200E+00  1.200E+00  1.200E+00  1.200E+00  1.200E+00  1.200E+00  1.200E+00  1.200E+00  1.200E+00  1.200E+00  1.200E+00  1.200E+00  1.200E+00  1.200E+00  1.200E+00  1.200E+00  1.200E+00  1.200E+00  1.200E+00  1.200E+00  1.200E+00  1.200E+00  1.200E+00  1.200E+00  1.200E+00  1.200E+00  1.200E+00  1.200E+00  1.200E+00  1.200E+00  1.200E+00  1.200E+00  1.200E+00  1.200E+00  1.200E+00  9.000E-01  6.593E-01  6.000E-01 ];
v___A_5___ = [ 1.200E+00  1.200E+00  1.200E+00  1.200E+00  1.200E+00  1.200E+00  1.200E+00  1.200E+00  1.200E+00  1.200E+00  1.200E+00  1.200E+00  1.200E+00  1.200E+00  1.200E+00  1.200E+00  1.200E+00  1.200E+00  1.200E+00  1.200E+00  1.200E+00  1.200E+00  1.200E+00  1.200E+00  1.200E+00  1.200E+00  1.200E+00  1.200E+00  1.200E+00  1.200E+00  1.200E+00  1.200E+00  1.200E+00  1.200E+00  1.200E+00  1.200E+00  1.200E+00  1.200E+00  1.200E+00  1.200E+00  1.200E+00  1.200E+00  1.200E+00  1.200E+00  1.200E+00  1.200E+00  1.200E+00  1.200E+00  1.200E+00  1.200E+00 ];
v___A_6___ = [ 1.200E+00  1.200E+00  1.200E+00  1.200E+00  1.200E+00  1.200E+00  1.200E+00  1.200E+00  1.200E+00  1.200E+00  1.200E+00  1.200E+00  1.200E+00  1.200E+00  1.200E+00  1.200E+00  1.200E+00  1.200E+00  1.200E+00  1.200E+00  1.200E+00  1.200E+00  1.200E+00  1.200E+00  1.200E+00  1.200E+00  1.200E+00  1.200E+00  1.200E+00  1.200E+00  1.200E+00  1.200E+00  1.200E+00  1.200E+00  1.200E+00  1.200E+00  1.200E+00  1.200E+00  1.200E+00  1.200E+00  1.200E+00  1.200E+00  1.200E+00  1.200E+00  1.200E+00  1.200E+00  1.200E+00  9.000E-01  6.593E-01  6.000E-01 ];
v___A_7___ = [ 0.000E+00  0.000E+00  0.000E+00  0.000E+00  0.000E+00  0.000E+00  0.000E+00  0.000E+00  0.000E+00  0.000E+00  0.000E+00  0.000E+00  0.000E+00  0.000E+00  0.000E+00  0.000E+00  0.000E+00  0.000E+00  0.000E+00  0.000E+00  0.000E+00  0.000E+00  0.000E+00  0.000E+00  0.000E+00  0.000E+00  0.000E+00  0.000E+00  0.000E+00  0.000E+00  0.000E+00  0.000E+00  0.000E+00  0.000E+00  0.000E+00  0.000E+00  0.000E+00  0.000E+00  0.000E+00  0.000E+00  0.000E+00  0.000E+00  0.000E+00  0.000E+00  0.000E+00  0.000E+00  0.000E+00  3.000E-01  5.407E-01  6.000E-01 ];
v___B_0___ = [ 1.200E+00  1.200E+00  1.200E+00  1.200E+00  1.200E+00  1.200E+00  1.200E+00  1.200E+00  1.200E+00  1.200E+00  1.200E+00  1.200E+00  1.200E+00  1.200E+00  1.200E+00  1.200E+00  1.200E+00  1.200E+00  1.200E+00  1.200E+00  1.200E+00  1.200E+00  1.200E+00  1.200E+00  1.200E+00  1.200E+00  1.200E+00  1.200E+00  1.200E+00  1.200E+00  1.200E+00  1.200E+00  1.200E+00  1.200E+00  1.200E+00  1.200E+00  1.200E+00  1.200E+00  1.200E+00  1.200E+00  1.200E+00  1.200E+00  1.200E+00  1.200E+00  1.200E+00  1.200E+00  1.200E+00  1.200E+00  1.200E+00  1.200E+00 ];
v___B_1___ = [ 0.000E+00  0.000E+00  0.000E+00  0.000E+00  0.000E+00  0.000E+00  0.000E+00  0.000E+00  0.000E+00  0.000E+00  0.000E+00  0.000E+00  0.000E+00  0.000E+00  0.000E+00  0.000E+00  0.000E+00  0.000E+00  0.000E+00  0.000E+00  0.000E+00  0.000E+00  0.000E+00  0.000E+00  0.000E+00  0.000E+00  0.000E+00  0.000E+00  0.000E+00  0.000E+00  0.000E+00  0.000E+00  0.000E+00  0.000E+00  0.000E+00  0.000E+00  0.000E+00  0.000E+00  0.000E+00  0.000E+00  0.000E+00  0.000E+00  0.000E+00  0.000E+00  0.000E+00  0.000E+00  0.000E+00  0.000E+00  0.000E+00  0.000E+00 ];
v___B_2___ = [ 0.000E+00  0.000E+00  0.000E+00  0.000E+00  0.000E+00  0.000E+00  0.000E+00  0.000E+00  0.000E+00  0.000E+00  0.000E+00  0.000E+00  0.000E+00  0.000E+00  0.000E+00  0.000E+00  0.000E+00  0.000E+00  0.000E+00  0.000E+00  0.000E+00  0.000E+00  0.000E+00  0.000E+00  0.000E+00  0.000E+00  0.000E+00  0.000E+00  0.000E+00  0.000E+00  0.000E+00  0.000E+00  0.000E+00  0.000E+00  0.000E+00  0.000E+00  0.000E+00  0.000E+00  0.000E+00  0.000E+00  0.000E+00  0.000E+00  0.000E+00  0.000E+00  0.000E+00  0.000E+00  0.000E+00  0.000E+00  0.000E+00  0.000E+00 ];
v___B_3___ = [ 0.000E+00  0.000E+00  0.000E+00  0.000E+00  0.000E+00  0.000E+00  0.000E+00  0.000E+00  0.000E+00  0.000E+00  0.000E+00  0.000E+00  0.000E+00  0.000E+00  0.000E+00  0.000E+00  0.000E+00  0.000E+00  0.000E+00  0.000E+00  0.000E+00  0.000E+00  0.000E+00  0.000E+00  0.000E+00  0.000E+00  0.000E+00  0.000E+00  0.000E+00  0.000E+00  0.000E+00  0.000E+00  0.000E+00  0.000E+00  0.000E+00  0.000E+00  0.000E+00  0.000E+00  0.000E+00  0.000E+00  0.000E+00  0.000E+00  0.000E+00  0.000E+00  0.000E+00  0.000E+00  0.000E+00  3.000E-01  5.407E-01  6.000E-01 ];
